0 0 0 0 0 0 0 0 0 0 0 0 0 0 0 0 0 0 0 0 0 0 0 0 0 0 0 0
0 0 0 0 0 0 0 0 0 0 0 0 0 0 0 0 0 0 0 0 0 0 0 0 0 0 0 0
0 0 0 0 0 0 0 0 0 0 0 0 0 0 0 0 0 0 0 0 0 0 0 0 0 0 0 0
0 0 0 0 0 0 0 0 0 0 0 0 0 0 0 0 0 0 0 0 0 0 0 0 0 0 0 0
0 0 0 0 0 0 0 0 0 0 0 0 0 0 0 0 0 0 0 0 0 0 0 0 0 0 0 0
0 0 0 0 0 0 0 0 0 0 0 0 0 0 0 0 0 0 0 0 0 0 0 0 0 0 0 0
0 0 0 0 0 0 0 0 0 0 0 0 0 0 0 0 0 0 0 0 0 0 0 0 0 0 0 0
0 0 0 0 0 0 0 1 2 3 3 3 3 3 3 3 3 3 3 3 3 3 3 3 3 3 3 3
0 0 0 0 0 0 1 3 5 7 8 9 10 11 12 13 14 15 16 17 18 18 18 18 18 18 18 18
0 0 0 0 0 0 1 3 5 7 9 11 13 15 17 19 21 23 25 27 29 30 30 30 30 30 30 30
0 0 0 0 0 0 1 3 5 7 9 11 13 15 17 19 21 23 25 28 31 32 32 32 32 32 32 32
0 0 0 0 0 0 1 3 5 7 9 11 13 15 17 19 21 23 25 29 33 34 34 34 34 34 34 34
0 0 0 0 0 0 1 3 5 7 9 11 13 15 17 19 21 23 26 31 35 36 36 36 36 36 36 36
0 0 0 0 0 0 1 3 5 7 9 11 13 15 17 19 21 24 28 34 38 39 39 39 39 39 39 39
0 0 0 0 0 0 1 3 5 7 9 11 13 15 17 19 21 25 30 36 40 41 41 41 41 41 41 41
0 0 0 0 0 0 1 3 5 7 9 11 13 15 17 19 22 27 33 39 43 44 44 44 44 44 44 44
0 0 0 0 0 0 1 3 5 7 9 11 13 15 17 19 23 29 35 41 45 46 46 46 46 46 46 46
0 0 0 0 0 0 1 3 5 7 9 11 13 15 17 19 24 31 37 43 47 48 48 48 48 48 48 48
0 0 0 0 0 0 1 3 5 7 9 11 13 15 17 20 26 33 39 45 49 50 50 50 50 50 50 50
0 0 0 0 0 0 1 3 5 7 9 11 13 15 18 22 29 36 42 48 52 53 53 53 53 53 53 53
0 0 0 0 0 0 1 3 5 7 9 11 13 16 20 25 32 39 45 51 55 56 56 56 56 56 56 56
0 0 0 0 0 0 1 3 5 7 9 11 13 17 22 27 34 41 47 53 57 58 58 58 58 58 58 58
0 0 0 0 0 0 1 3 5 7 9 11 14 19 24 29 36 43 49 55 59 60 60 60 60 60 60 60
0 0 0 0 0 0 1 3 5 7 9 12 16 22 27 32 39 46 52 58 62 63 63 63 63 63 63 63
0 0 0 0 0 0 1 3 5 7 9 13 18 25 30 35 42 49 55 61 65 66 66 66 66 66 66 66
0 0 0 0 0 0 1 3 5 7 9 14 20 28 33 38 45 52 58 64 68 69 69 69 69 69 69 69
0 0 0 0 0 0 1 3 5 7 9 15 22 30 35 40 47 54 60 66 70 71 71 71 71 71 71 71
0 0 0 0 0 0 1 3 5 7 9 15 22 30 35 40 47 54 60 66 70 71 71 71 71 71 71 71
