1 1 0 1 1 1 1 0 0 1 0 1 0 0 0 0 0 1 1 0 
0 0 0 1 0 0 1 1 0 1 1 1 1 0 0 0 1 0 1 1 
1 1 1 1 0 1 0 0 0 0 0 0 1 0 0 0 0 1 0 0 
0 1 0 1 1 1 1 1 1 0 0 0 0 1 0 0 0 1 1 0 
0 0 0 0 0 1 0 1 0 1 1 0 1 1 0 1 0 0 1 1 
1 1 1 0 0 0 1 0 0 1 1 1 0 1 1 0 1 0 1 1 
1 0 1 0 1 0 1 1 1 1 1 1 0 1 1 1 1 0 1 0 
0 1 1 0 0 1 1 0 1 1 0 0 0 0 0 0 0 1 0 0 
0.49912475035589193
0.5029342757252835
0.5008939842283493
0.49999999999999956
0.4989678770609683
0.5029121501936173
0.5006993320152162
0.5001132248888974
0.4979848843935661
0.5071031302396596
0.501310527163302
0.5006394712465874
0.49966490372657385
0.5091302196468164
0.500006034779294
0.4992953581138589
0.4982273788695017
0.5001303935283397
0.48792680210385553
0.495254446265327
Accuracy -> 0.7582315454062666