[ 0.00505319  0.00906019  0.01473405  0.00106417  0.00452236  0.00243418
  0.00314527  0.00139275  0.00309828  0.00143092  0.00648703  0.00804229
  0.00322784  0.00115761  0.0035688   0.00171712  0.00426589  0.01819743
  0.00916883  0.00080823  0.01186241  0.00364774  0.00447793  0.00131053
  0.0071326   0.00308748  0.0107346   0.00369835  0.00177397  0.0063368
  0.00106805  0.00486111  0.00096341  0.00489014  0.00073588  0.0029013
  0.00417146  0.00070401  0.00158047  0.00558832  0.00259608  0.00296882
  0.00409622  0.0009826   0.00242804  0.00177353  0.00124151  0.00082642
  0.0031596   0.00097165  0.00073569  0.00087615  0.00183683  0.00047369
  0.00083128  0.00038144  0.00146512]
[(17, 0.018197431258199212), (2, 0.014734050175976655), (20, 0.011862413313831725), (26, 0.010734598711983437), (18, 0.0091688308763797285), (1, 0.0090601872261227689), (11, 0.0080422869643434636), (24, 0.007132601548140315), (10, 0.0064870345692993317), (29, 0.0063368027817383831), (39, 0.0055883233920541895), (0, 0.0050531923520115238), (33, 0.0048901405301755314), (31, 0.0048611077324034694), (4, 0.0045223560095631124), (22, 0.0044779285474236853), (16, 0.0042658859231757057), (36, 0.0041714642450957672), (42, 0.0040962198022984455), (27, 0.0036983457851837969), (21, 0.0036477403409498742), (14, 0.0035688038995301628), (12, 0.0032278427031624001), (48, 0.0031595952280978777), (6, 0.0031452663637781602), (8, 0.0030982832056863428), (25, 0.0030874795918284341), (41, 0.0029688236145253514), (35, 0.0029013048534616719), (40, 0.0025960825623915483), (5, 0.0024341799995210387), (44, 0.0024280393580765934), (52, 0.0018368317242577422), (28, 0.0017739655066973724), (45, 0.0017735288797966046), (15, 0.001717115790045656), (38, 0.0015804736207581463), (56, 0.0014651159017363348), (9, 0.001430923135108054), (7, 0.0013927518074620124), (23, 0.001310529293631818), (46, 0.0012415090876876529), (13, 0.0011576083460117358), (30, 0.0010680520582482063), (3, 0.0010641724595616305), (43, 0.00098260378178656807), (49, 0.00097165237305851674), (32, 0.0009634104636996704), (51, 0.0008761533321263934), (54, 0.00083128487409194071), (47, 0.00082642186481199733), (19, 0.00080822756657687798), (34, 0.00073587665724842474), (50, 0.00073569411194216339), (37, 0.00070400982418974197), (53, 0.00047369450673445391), (55, 0.00038143777031989808)]
